0.045600
0.048000
0.060700
0.065100
0.097300
0.104000
0.111200
0.160400
0.122100
0.183800
0.191100
0.199500
0.156600
0.176400
0.207000
0.232000
0.196600
0.206500
0.235100
0.295900
0.301400
0.256800
0.285300
0.368800
0.280200
0.486600
0.298700
0.306300
0.317800
0.330500
0.390000
0.416400
0.352500
0.365400
0.373700
0.384800
0.478000
0.508300
0.411000
0.421000
0.427300
0.467500
0.601500
0.468200
0.477200
0.530500
0.494800
0.530500
0.513500
0.753300
0.532900
0.536400
0.668500
0.566600
0.929900
0.843100
0.592800
0.996100
0.612400
0.624400
0.622700
0.633300
0.647800
0.657700
0.681500
0.685700
0.690800
0.700000
0.726400
0.710700
0.733700
0.898900
0.745500
0.761800
0.772000
0.834500
0.780400
0.796400
0.807600
0.819500
0.902600
1.367500
0.975100
0.858600
0.873700
0.887300
0.893700
0.912800
1.053800
0.973400
0.977900
0.944500
0.944600
1.050600
0.964600
0.971900
1.022500
1.014800
1.375400
1.863200
1.023300
1.044100
1.051900
1.618700
1.053900
1.088900
1.093400
1.111700
1.131500
1.117900
1.141300
1.135800
1.126200
1.167600
1.198700
1.182900
1.174300
1.182800
1.180900
1.212800
1.217700
1.267700
1.254600
1.225500
1.218900
1.220700
1.228300
1.252000
1.285700
1.309800
1.324200
2.143400
1.335900
1.350100
1.362300
1.375900
1.364000
1.387200
1.387800
1.436700
1.602500
1.442200
1.434400
1.436000
1.453300
1.543000
1.454900
1.442500
1.491300
1.484000
1.500000
1.551800
1.575000
1.548400
1.616500
1.578700
1.598700
1.548800
1.560200
1.616800
1.592600
1.551000
1.564800
1.591900
1.605700
1.603600
1.632000
2.077400
1.671400
1.749400
1.692700
2.219200
1.875400
1.758900
1.806900
1.760000
1.737400
1.836700
1.829900
1.807100
1.775000
1.819300
1.834800
1.836900
1.845500
2.133900
1.878500
1.862600
1.886700
1.916500
1.948700
1.923400
1.951400
1.932100
1.955100
1.966500
1.963400
1.980200
1.992800
2.012000
2.016900
2.040500
2.052000
2.800800
2.040600
2.127200
2.091100
2.075600
2.182300
2.103500
2.076900
2.103200
2.119900
2.198400
2.164100
2.194700
2.167400
2.244400
2.234400
2.215400
2.303400
2.207000
2.240100
2.326800
2.221300
2.310600
2.241400
2.345000
2.247000
2.286500
2.321800
2.336800
2.589900
2.348800
2.331900
2.318000
2.412400
2.366000
2.380400
2.373900
2.518400
2.462300
2.494700
2.461400
2.434900
2.480500
0.005400
0.005200
0.006700
0.008400
0.004000
0.004300
0.004200
0.004000
0.004000
0.005700
0.004500
0.004300
0.005800
0.003800
0.004200
0.004200
0.004300
0.005500
0.006700
0.004900
0.005500
0.005600
0.005800
0.005000
0.004100
0.004000
0.003600
0.005000
0.004200
0.004300
0.005500
0.004900
0.005100
0.004000
0.004500
0.003800
0.003900
0.004300
0.004200
0.002900
0.004800
0.003900
0.004900
0.003400
0.004500
0.004900
0.004300
0.003800
0.003700
0.003800
0.004200
0.004900
0.003500
0.006900
0.003800
0.003200
0.005600
0.005500
0.007200
0.005200
0.004600
0.006200
0.004200
0.004700
0.003300
0.004000
0.003300
0.003800
0.010300
0.005700
0.004000
0.003700
0.005500
0.005800
0.003700
0.003700
0.004300
0.003800
0.003100
0.004100
0.003700
0.004000
0.003600
0.004000
0.004100
0.003700
0.003300
0.003700
0.003300
0.003900
0.003300
0.003300
0.003300
0.003200
0.003600
0.003600
0.003000
0.004300
0.003700
0.003500
0.003700
0.004100
0.004100
0.004400
0.004500
0.004500
0.004100
0.004700
0.004100
0.004000
0.003800
0.003700
0.003600
0.003800
0.003800
0.003300
0.003500
0.003600
0.003500
0.003700
0.003700
0.003700
0.003400
0.003300
0.003600
0.003500
0.003200
0.003800
0.003200
0.003700
0.003800
0.003400
0.003500
0.003400
0.003700
0.003800
0.006300
0.003200
0.003000
0.004000
0.004000
0.003900
0.003800
0.003400
0.003800
0.003800
0.003900
0.003900
0.004300
0.004900
0.003900
0.004600
0.004200
0.004000
0.003500
0.003600
0.005100
0.004200
0.003700
0.003500
0.004100
0.004400
0.005500
0.003600
0.003600
0.002800
0.003400
0.003000
0.003400
0.003100
0.003400
0.003400
0.003700
0.002800
0.003400
0.003300
0.003500
0.003200
0.003700
0.003200
0.003200
0.003000
0.003600
0.003200
0.003900
0.003700
0.004800
0.004000
0.003300
0.006000
0.003400
0.003400
0.003300
0.003000
0.004000
0.003600
0.003300
0.003100
0.003500
0.002900
0.002800
0.004900
0.003400
0.003000
0.003100
0.003400
0.005000
0.003200
0.003300
0.003300
0.003200
0.003300
0.003400
0.003600
0.003500
0.005200
0.003700
0.003700
0.003400
0.003700
0.003300
0.004100
0.004500
0.004400
0.003700
0.003200
0.003500
0.003200
0.003600
0.007000
0.003400
0.003200
0.003500
0.003500
0.003400
0.003500
0.003300
0.003200
0.003200
0.003300
0.003000
0.002900
0.002800
0.003500
0.004900
0.003900
0.003300
0.003600
0.003400
0.003200
0.003200
0.003100
0.003700
0.003100
0.003600
0.003700
0.003500
0.004400
0.003500
0.004200
0.003400
0.003500
0.003500
0.003600
0.004000
0.004000
0.004000
0.004400
0.005200
0.004200
0.003000
0.003500
0.003700
0.003100
0.003100
0.003600
0.005600
0.005200
0.003600
0.003700
0.003900
0.003800
0.003200
0.003400
0.003300
0.004400
0.003200
0.003300
0.003500
0.007300
0.003400
0.003600
0.003500
0.003200
0.003700
0.003700
0.003400
0.003600
0.003100
0.003200
0.003000
0.003300
0.003000
0.003300
0.003800
0.003900
0.003400
0.003400
0.003200
0.003500
0.003500
0.003400
0.003200
0.003300
0.003000
0.003300
0.003300
0.003200
0.003200
0.003300
0.003300
0.003400
0.003500
0.003400
0.003600
0.003500
0.003000
0.003500
0.003400
0.003300
0.003000
0.003100
0.003900
0.004100
0.003400
0.004300
0.003800
0.007800
0.003800
0.003700
0.003500
0.003600
0.003800
0.003400
0.003900
0.003800
0.003700
0.003700
0.004500
0.004600
0.003600
0.003700
0.003600
0.003500
0.003400
0.003400
0.003000
0.003500
0.003200
0.004300
0.005300
0.003900
0.003700
0.002800
0.003400
0.003100
0.003500
0.002900
0.003400
0.003400
0.003100
0.003000
0.003700
0.003000
0.003000
0.003300
0.003100
0.003100
0.003200
0.003200
0.003500
0.003100
0.003300
0.002800
0.003300
0.002900
0.003400
0.006500
0.003100
0.003600
0.002900
0.003300
0.002800
0.003900
0.003900
0.003500
0.003700
0.003100
0.003600
0.003400
0.003600
0.003200
0.003700
0.003100
0.003200
0.003400
0.003800
0.003600
0.003700
0.005000
0.003200
0.003100
0.003400
0.003200
0.003100
0.003900
0.003500
0.003800
0.003600
0.003500
0.003300
0.003500
0.003300
0.004000
0.003700
0.004300
0.002900
0.003300
0.003400
0.003600
0.003000
0.003200
0.006200
0.003100
0.003100
0.003300
0.003400
0.003400
0.003300
0.004500
0.003500
0.004400
0.003200
0.005100
0.003400
0.003200
0.002900
0.003400
0.003400
0.003600
0.003200
0.003900
0.003200
0.003300
0.002900
0.003600
0.003800
0.003400
0.003700
0.003500
0.003200
0.003100
0.004200
0.003700
0.003900
0.003500
0.003500
0.003700
0.004300
0.003900
0.003700
0.004100
0.003800
0.005000
0.004300
0.003900
0.003200
0.003400
0.003400
0.003300
0.003300
0.005100
0.003900
0.004100
0.004300
0.003600
0.002900
0.003500
0.003300
0.003300
0.007900
0.003100
0.003300
0.002500
0.003600
0.003700
0.003600
0.003300
0.003500
0.003200
0.002800
0.004100
0.003600
0.003200
0.002900
0.003700
0.003100
0.003500
0.003000
0.003200
0.003400
0.003000
0.005700
0.004300
0.004100
0.003500
0.002800
0.003400
0.003100
0.003000
0.003300
0.003500
0.002900
0.003300
0.003300
0.003200
0.003000
0.003500
0.003200
0.003000
0.003000
0.003500
0.003100
0.003500
0.003500
0.003200
0.003200
0.003400
0.003100
0.003200
0.003300
0.003000
0.003700
0.003400
0.003600
0.003300
0.003500
0.003600
0.003300
0.003200
0.003700
0.003000
0.003000
0.003100
0.003000
0.003000
0.002800
0.003600
0.003200
0.003400
0.003000
0.003500
0.003200
0.003500
0.003900
0.003400
0.003500
0.002800
0.003200
0.003300
0.004500
0.004600
0.005300
0.004200
0.003600
0.003100
0.003400
0.003300
0.003500
0.003300
0.003400
0.003100
0.003400
0.003000
0.003000
0.003100
0.003000
0.003100
0.003300
0.003200
0.002900
0.002800
0.003600
0.002600
0.003400
0.003000
0.003400
0.003100
0.003100
0.003000
0.003800
0.003000
0.005700
0.003600
0.003600
0.003700
0.003500
0.003900
0.003400
0.006100
0.002900
0.003300
0.003400
0.003400
0.003200
0.003600
0.003600
0.003900
0.003300
0.003500
0.003400
0.003000
0.003100
0.003500
0.003300
0.003100
0.002900
0.003700
0.003600
0.003300
0.004500
0.004000
0.003200
0.003500
0.003300
0.003300
0.003400
0.003400
0.004600
0.003600
0.003700
0.003000
0.003400
0.003600
0.003300
0.002900
0.003300
0.003700
0.003500
0.003400
0.003300
0.003200
0.003700
0.005600
0.003800
0.005700
0.003600
0.003200
0.003100
0.003100
0.003700
0.003400
0.003200
0.003400
0.003500
0.003100
0.003500
0.003900
0.003200
0.003500
0.003400
0.004200
0.003800
0.003100
0.003500
0.004700
0.004000
0.003600
0.003800
0.003500
0.003700
0.003600
0.003400
0.004300
0.005300
0.003500
0.004000
0.003700
0.004000
0.003900
0.003500
0.003700
0.003800
0.003400
0.004600
0.004900
0.003500
0.003600
0.003800
0.003500
0.003500
0.003900
0.003900
0.003800
0.003500
0.004100
0.003400
0.003300
0.003300
0.003100
0.003300
0.004200
0.003900
0.005000
0.004200
0.003600
0.003300
0.003500
0.003400
0.003100
0.003600
0.003500
0.003100
0.003300
0.003400
0.002900
0.003600
0.003700
0.003200
0.003100
0.004000
0.002700
0.003400
0.006100
0.003600
0.003000
0.002900
0.003200
0.005200
0.003300
0.002900
0.003900
0.003600
0.003200
0.003200
0.003100
0.003700
0.003800
0.003400
0.003000
0.003600
0.003000
0.003100
0.003400
0.003300
0.003900
0.003600
0.003200
0.004000
0.003500
0.002900
0.003300
0.003600
0.003500
0.003100
0.003300
0.002800
0.003400
0.003200
0.003100
0.003200
0.003400
0.004700
0.005100
0.003200
0.003300
0.003600
0.003300
0.003000
0.003100
0.003500
0.003500
0.003500
0.003200
0.003200
0.003700
0.002700
0.003100
0.003400
0.004700
0.003700
0.003100
0.003200
0.003100
0.003500
0.003500
0.003500
0.003200
0.003200
0.002800
0.003200
0.003100
0.002600
0.003200
0.008300
0.004000
0.003900
0.003200
0.003400
0.003400
0.003300
0.003300
0.003600
0.005600
0.004800
0.003700
0.005400
0.004700
0.005000
0.006100
0.004000
0.003700
0.003700
0.003600
0.003600
0.003200
0.003300
0.003800
0.003700
0.003100
0.003100
0.003400
0.004500
0.005600
0.004200
0.003900
0.003800
0.003200
0.003300
0.011400
0.003800
0.003100
0.003600
0.003400
0.003100
0.003400
0.003300
0.003600
0.003400
0.003300
0.003900
0.003700
0.003500
0.003100
0.003200
0.003100
0.003500
0.003100
0.003700
0.003900
0.003700
0.005600
0.003500
0.003500
0.004700
0.003400
0.003600
0.003600
0.003500
0.003000
0.003300
0.003000
0.004400
0.003000
0.003400
0.003100
0.003000
0.003400
0.003000
0.003300
0.003000
0.003200
0.002900
0.003200
0.003200
0.008400
0.003600
0.003300
0.003700
0.003100
0.004600
0.005600
0.004800
0.004400
0.003700
0.004200
0.005200
0.004000
0.005700
0.004900
0.003700
0.003700
0.003700
0.003900
0.003700
0.003500
0.003400
0.004400
0.003500
0.003700
0.003400
0.003600
0.003000
0.003300
0.003800
0.005100
0.003800
0.003400
0.003700
0.005200
0.003800
0.003600
0.003800
0.004200
0.003600
0.003500
0.003700
0.003200
0.003200
0.003400
0.003200
0.004300
0.004800
0.004900
0.005400
0.004200
0.003700
0.004700
0.003700
0.003600
0.003600
0.003900
0.004000
0.003700
0.003300
0.005400
0.003600
0.003500
0.003300
0.004600
0.003500
0.003500
0.003400
0.003800
0.003700
0.003100
0.003300
0.003300
0.003300
0.004300
0.003200
0.003400
0.003200
0.003900
0.005400
0.003200
0.003700
0.003600
0.003400
0.003900
0.003600
0.003300
0.003700
0.003000
0.003700
0.003800
0.005600
0.003500
0.003200
0.003300
0.003300
0.003400
0.004300
0.003100
0.003300
0.004900
0.004300
0.003600
0.003500
0.003700
0.003300
0.002900
0.003400
0.003800
0.003500
0.006800
0.003700
0.003400
0.004000
0.004800
0.004500
0.003900
0.003500
0.003800
0.004600
0.003800
0.003600
0.003200
0.003500
0.003300
0.003300
0.004000
0.003500
0.003600
0.003300
0.003100
0.004300
0.003700
0.003200
0.003400
0.003900
0.003400
0.003100
0.003100
0.003200
0.003700
0.003900
0.004500
0.004000
0.003600
0.003600
0.003400
0.003600
0.003700
0.003400
0.003200
0.003500
0.003400
0.003400
0.003400
0.003600
0.003700
0.003200
0.003300
0.003600
0.003200
0.003100
0.003700
0.003400
0.003300
0.003700
0.003700
0.003900
0.006000
0.004400
0.004400
0.004600
0.004100
0.003700
0.005000
0.003400
0.004300
0.003300
0.003600
0.003700
0.003700
0.003400
0.003500
0.003800
0.002900
0.004100
0.003800
0.003500
0.003200
0.003900
0.003600
0.003000
0.003200
0.003600
0.003900
0.003200
0.003500
0.004000
0.003800
0.003400
0.004800
0.004200
0.005200
0.003600
0.003400
0.003200
0.004100
0.003600
0.004400
0.004700
0.003900
0.004500
0.003600
0.003600
0.003600
0.003300
0.003500
0.003400
0.003600
0.003400
0.003500
0.003800
0.003400
0.003500
0.004100
0.003800
0.003100
0.003400
0.003500
0.003300
0.003600
0.004500
0.003600
0.003800
0.003300
0.003200
0.005400
0.002900
0.003700
0.003400
0.003200
0.003200
0.002800
0.003500
0.003000
0.003500
0.003500
0.002800
0.003200
0.003200
0.002800
0.003100
0.002800
0.003000
0.003400
0.003400
0.003200
0.003100
0.003700
0.003200
0.003100
0.003100
0.003400
0.003200
0.003200
0.003000
0.003200
0.003100
0.003700
0.003300
0.003800
0.003200
0.003600
0.003000
0.005100
0.003200
0.003800
0.003300
0.003500
0.003500
0.002800
0.003100
0.003300
0.003500
0.002900
0.003300
0.003400
0.002700
0.003000
0.003000
0.003200
0.003100
0.003500
0.003100
0.008300
0.003000
0.003300
0.002900
0.004400
0.003400
0.003200
0.003200
0.003300
0.003300
0.003300
0.003200
0.003200
0.003100
0.003200
0.003300
0.008700
0.003700
0.004100
0.003200
0.004500
0.002700
0.003800
0.004100
0.004500
0.003300
0.003200
0.008200
0.004100
0.003500
0.003500
0.003600
0.003400
0.003500
0.003200
0.003200
0.003400
0.003000
0.003200
0.003200
0.003000
0.003100
0.003200
0.004300
0.003600
0.003500
0.003600
0.003600
0.002800
0.003200
0.003100
0.003200
0.003600
0.003000
0.003600
0.003300
0.003600
0.003300
0.003400
0.002700
0.003300
0.009600
0.003100
0.003400
0.004400
0.038900
0.052500
0.054700
0.090700
0.071800
0.114300
0.129400
0.104000
0.163500
0.125700
0.158200
0.168600
0.226700
0.277700
0.220900
0.182500
0.204100
0.304300
0.278600
0.271800
0.346300
0.242600
0.252500
0.287600
0.414800
0.282800
0.291200
0.299800
0.306500
0.320800
0.328900
0.335800
0.352700
0.364100
0.370900
0.383200
0.394500
0.459800
0.412500
0.423400
0.429700
0.569100
0.675600
0.594600
0.653500
0.658600
0.794100
0.560400
0.877000
0.798700
0.645600
0.563700
0.548300
0.567100
0.672600
0.578100
0.580700
0.595300
0.602700
0.618200
0.620500
0.640800
0.642900
0.649300
0.670300
0.689800
0.684000
0.691700
0.696800
0.707600
1.986900
0.731000
0.741100
0.754400
0.763500
0.763200
0.769800
0.780400
0.768300
0.801000
0.815500
0.816500
0.879600
0.819400
0.830700
0.873200
0.876200
0.876100
0.904400
0.955600
0.922400
0.929900
0.935200
0.977000
0.954600
0.982700
0.965700
0.979700
1.022500
1.019300
1.015200
1.021900
1.040000
1.046600
1.048000
1.059100
1.861600
1.074900
1.122200
1.137200
1.111100
1.088000
1.123200
1.139600
1.148600
1.143700
1.163600
1.179400
1.186300
1.193800
1.204900
1.245000
1.237100
1.224700
1.239600
1.255900
1.254600
1.655500
1.280200
1.433800
1.309800
2.982500
1.319300
1.330900
1.314200
1.351100
1.364700
1.385300
1.561700
1.400300
1.451300
1.566200
1.375100
1.465700
1.618400
1.450400
1.504600
1.482700
1.486200
1.508500
1.521500
1.512700
1.571500
1.529200
1.702300
1.554600
1.561900
1.565800
1.594700
1.597200
1.592500
1.600100
1.597700
1.616300
1.631900
3.531500
1.719800
1.686500
1.700800
1.751800
1.718800
1.711100
2.007200
1.968600
1.794700
1.752100
1.749400
1.781200
1.770400
1.776200
1.902900
1.788700
1.850800
1.816300
1.830700
1.842700
1.866400
1.887100
1.856900
1.930400
1.843400
1.835200
1.921300
1.916200
1.925700
2.027000
1.884000
1.906700
1.966700
2.009800
2.065200
1.993300
1.983700
2.041000
2.032700
2.035600
2.065300
2.056000
2.043200
2.084600
2.177900
2.100200
2.125300
2.131400
2.166200
2.155200
2.185800
2.166900
2.186200
2.207700
2.308400
2.212200
3.948200
2.224700
2.182100
2.783900
2.309200
2.217700
2.213200
2.247200
2.256900
2.275000
2.258800
2.253800
2.379100
2.258400
2.296400
2.304100
2.369200
3.071300
2.383000
3.124700
3.218100
2.422000
2.508200
2.398000
2.443600
2.394300
2.387300
2.555500
2.453300
2.414600
2.429800
2.447900
2.489600
2.995000
2.588200
2.610800
2.535800
2.549300
2.556500
2.604800
2.658900
2.608300
2.715500
2.616300
2.670600
2.611600
2.603600
2.690900
2.658800
2.741400
2.677900
2.765000
2.761100
2.715500
2.720200
2.849100
2.753700
2.783500
2.706400
2.724900
2.844000
2.881800
2.792700
2.811100
4.126500
2.871500
3.529400
3.081600
2.908600
2.894500
2.854400
2.843500
2.877800
3.082400
2.919200
3.029400
2.981000
2.996200
3.123500
2.962500
2.921500
3.061700
2.980900
2.967000
3.181100
3.538000
3.035200
3.058600
3.051100
3.101600
3.092000
3.061500
3.152900
3.173300
3.106500
3.133800
3.145800
3.151600
3.160400
3.214500
3.225200
3.422900
3.190300
3.334900
3.213400
3.673500
3.160700
3.365600
3.302900
3.245900
3.333500
3.308100
3.174900
3.264400
3.298900
3.722600
4.940300
4.306000
4.330200
4.087800
4.227400
4.206200
4.382400
3.977600
3.811900
4.130600
3.964700
3.715000
3.483900
3.723200
4.111900
3.587400
3.898000
3.563400
3.596100
3.212600
3.449000
4.489500
3.472900
3.223700
4.059800
3.178900
3.432200
3.112100
3.347600
3.094400
3.111100
3.248700
4.402400
3.014500
3.032100
2.995300
3.061900
3.148600
2.968800
3.020500
3.104200
3.006600
2.729800
3.017600
2.981900
2.989100
2.763900
2.905700
2.738700
2.961500
2.915700
2.782800
2.926000
2.937400
2.910000
2.762500
2.888300
2.712400
2.954000
2.713200
2.859900
2.643100
2.907600
2.656900
2.689200
3.076500
2.617600
2.632600
2.845300
2.608100
2.664100
2.879000
2.641900
2.602200
3.607000
2.690800
2.689400
2.866000
2.647200
2.606100
2.630300
2.746500
2.602500
2.644500
2.761400
2.619500
2.557900
2.588800
2.585300
2.571700
2.537200
2.729100
2.468300
2.523000
2.586500
2.661900
2.647900
2.755900
2.646800
2.595500
2.584600
2.644300
2.565200
2.581400
2.648900
2.796000
2.532700
2.527400
3.221500
2.560100
2.633100
2.590900
2.537500
2.523700
2.531900
2.556700
2.540000
2.604200
2.544500
2.548200
2.530600
2.683300
2.706200
2.565900
2.558000
2.561000
3.718400
2.502100
2.543200
2.585400
2.541600
2.632800
2.513700
2.564400
2.509000
2.551600
2.484000
2.523300
2.577100
2.526300
2.910000
2.522100
2.323000
2.593200
2.555600
2.553000
2.521900
2.600200
2.533200
2.602600
2.597000
2.605400
2.549400
2.641700
2.529800
2.540300
2.536700
2.586900
2.598100
2.527400
2.502300
2.489900
2.551100
2.626700
2.518800
2.629600
2.686300
2.610300
2.836700
2.551500
2.398900
2.576600
2.602200
2.602800
2.628300
2.614700
2.559600
2.579000
2.907700
2.616600
2.587000
2.552100
2.608900
2.565700
2.547900
2.357700
2.654800
2.564900
2.635300
2.683900
2.424000
3.488100
2.578400
2.557500
2.351300
2.598800
2.854400
2.706100
2.598300
2.696100
2.361700
2.598100
4.074600
2.614900
2.655000
2.637400
2.597200
2.750700
2.671500
2.648300
2.602700
2.693400
2.430700
2.653900
2.640000
2.617900
2.651200
2.418900
2.636000
2.639500
2.658600
2.770100
2.502300
2.797700
2.681300
2.701500
2.709000
2.815100
2.414400
2.661300
2.709600
2.637900
2.444900
2.684200
2.624800
2.633200
2.636900
2.485400
2.791000
2.660200
2.760600
2.610900
2.457900
2.742200
2.693400
2.768400
2.503600
2.716200
2.679600
3.414400
2.685700
2.461900
2.781400
2.762500
2.698900
2.487800
2.732100
2.718100
2.724300
2.785100
2.711300
2.488800
2.833000
2.707300
2.786400
2.760500
2.463000
2.704800
2.737600
2.723800
2.779700
2.756700
2.751000
2.920900
2.553600
2.769800
2.805100
2.801400
3.840800
2.718200
2.862100
2.758300
2.773600
2.776900
2.727600
2.741300
2.743700
2.487700
2.715500
2.818300
2.811700
2.829200
2.761200
2.806300
2.837900
2.804400
2.886200
2.744200
2.778100
2.810400
2.735600
2.765800
2.697300
2.808600
2.732300
2.757200
2.780800
2.771600
2.821800
2.737200
2.834900
2.792900
2.729600
2.828800
2.776600
2.786600
2.700600
2.757800
2.748200
2.883100
3.399100
2.768500
2.732200
2.768700
2.779100
2.882000
2.852100
2.795900
2.804400
2.771900
2.735500
2.752800
2.962300
2.758400
2.799600
2.739100
2.750400
2.777400
4.230600
2.732700
2.857000
2.753000
2.697000
2.772100
2.804000
3.167800
2.752700
2.676900
3.208500
2.753600
2.804400
2.855100
2.860100
2.743300
2.838400
2.794300
2.703200
2.701300
2.711900
2.932000
2.702400
2.759000
2.663000
2.829400
2.816400
2.826900
2.699200
2.724700
2.767600
2.721000
2.706900
2.736700
2.707100
2.873900
2.991800
2.849000
2.718700
4.299100
2.707400
3.911500
2.765900
2.883500
2.744000
4.114800
2.777900
2.719000
2.760900
2.748200
2.769500
2.927900
2.890600
2.793000
2.717000
2.749100
2.697500
2.724600
2.802300
2.692000
2.704600
2.785600
2.757900
2.724900
2.679400
2.703000
2.707500
2.745000
2.787900
2.690700
2.894600
2.725600
2.944700
2.833900
2.956200
2.645000
2.705300
2.705000
2.725200
2.732800
2.683900
2.722000
2.679600
2.653400
2.723300
2.675100
2.741200
2.996700
2.807700
2.646900
2.656000
2.720500
2.821600
2.749600
3.207800
2.715400
2.644400
2.715400
2.668600
2.710200
2.651700
2.663300
2.640500
2.626900
2.801900
2.750000
2.674600
2.671800
2.693700
2.697400
3.269000
2.685700
2.936400
2.678500
2.669200
2.689600
2.719100
2.703800
2.680000
2.694400
2.871300
2.735100
2.710100
2.685800
2.641000
2.715200
2.674800
2.690100
2.919700
2.880700
2.713500
2.688500
2.665100
2.693300
2.663500
2.683600
2.671800
2.726100
2.693600
2.793000
2.685300
2.699000
2.655400
2.584200
2.608000
2.579300
2.619000
2.664800
2.709600
2.681700
2.689900
2.709600
2.783300
2.660800
2.770300
2.744900
3.547700
2.680800
2.664900
2.769100
2.802900
3.021700
2.680600
2.682900
2.696400
2.707800
2.674900
2.735900
2.641100
2.757100
2.701800
2.648700
2.724900
2.700700
2.673200
2.736700
