216.608900
3.057200
3.573700
3.039900
3.172900
3.610900
3.456100
4.890300
4.432600
4.207800
4.097700
4.201900
4.161500
4.498500
4.326700
6.300800
5.567800
4.536300
4.690100
4.943300
5.185900
4.915800
6.833400
7.160500
5.997500
5.842300
5.799900
5.828700
6.028300
5.613600
5.807400
7.044800
6.002300
6.298700
6.568400
6.938600
6.493800
7.067400
6.657000
7.481700
7.720000
8.885400
6.936100
7.172000
7.505000
7.847300
7.497500
7.929100
8.684100
7.719500
9.196200
7.813900
8.584900
8.168500
8.267000
9.194500
9.725000
9.702400
8.524800
8.697400
8.898700
8.730300
8.974400
8.931200
8.928900
9.069400
9.187100
9.500700
9.358100
9.812200
10.145200
10.571300
9.922900
9.870000
10.138900
10.031200
10.436800
11.501500
10.927500
12.381100
11.274600
10.889200
15.533200
11.435300
11.343500
11.465800
12.331000
11.716900
11.932600
12.030500
12.274600
12.163700
12.207600
13.243400
12.160200
13.731400
12.393400
12.621600
12.641800
15.320500
12.799900
13.294100
13.103700
15.489800
13.370700
12.833500
13.103900
13.425000
14.010700
14.076700
13.708500
13.846800
13.820200
14.512300
14.161900
14.260400
14.217400
14.333300
14.326200
14.567500
14.469300
14.551500
14.614200
14.837900
16.094200
14.709400
14.674700
14.860200
15.319300
15.518200
16.541800
19.998000
16.915400
16.099300
16.161400
16.237500
18.085700
17.414200
16.549100
16.520200
16.630000
16.732200
16.836900
16.926500
16.987900
17.088700
17.190300
16.843300
17.377500
17.362800
17.487200
17.751600
18.461300
18.469100
18.985900
18.195500
18.800700
18.554900
17.891800
18.096400
20.169100
18.148700
18.193200
18.249600
18.684100
18.438400
18.691400
18.847600
19.054400
19.529200
19.525500
21.267700
20.137600
20.179300
21.527900
20.243800
20.441200
19.881900
19.854200
20.161900
20.302800
22.322500
21.779900
21.012600
22.090100
24.479300
21.707200
21.331800
22.012800
23.141700
21.737800
21.971000
22.161700
21.942100
22.211500
23.299200
22.212500
22.298800
22.347000
23.734300
22.865300
24.115800
23.797300
32.181400
27.837200
23.363700
23.941000
23.652600
24.452200
24.028300
23.562800
23.780300
23.803500
24.073500
25.152500
24.402600
24.399100
24.631000
26.334600
25.020000
24.876300
24.784700
24.621700
24.832100
24.801000
25.055500
25.123000
24.423200
24.802500
26.143600
25.933500
26.860600
26.154500
26.163900
26.509200
26.305900
26.055600
26.134700
26.503300
27.283900
27.364000
28.408500
26.656300
26.938400
27.985800
28.073600
1.965400
1.999700
2.170600
2.008600
1.736100
1.742300
1.744700
1.818600
1.775400
1.926100
1.893200
1.788800
2.032700
1.832800
1.798400
1.790100
1.901700
2.410200
2.117900
2.416900
1.984000
1.995800
2.417500
1.867900
1.758500
1.795500
1.770000
1.822800
1.941000
1.818400
2.191900
1.801500
1.914200
2.178600
1.871500
1.744700
1.768500
1.842700
1.745800
1.661300
1.798500
1.699600
1.784900
1.710700
1.774100
2.352000
1.764400
1.749100
1.715000
1.732800
1.876600
1.737100
1.732500
2.036700
2.358900
1.723100
2.064400
3.319900
2.589000
1.907600
1.964400
1.792600
1.762600
1.768300
1.726600
2.585000
1.666700
1.703700
1.720300
1.737000
1.770300
1.750300
1.838300
1.777100
1.848900
1.741800
1.886100
1.744600
1.720200
1.835200
2.197400
1.728900
1.714900
1.788700
1.698900
1.727700
1.669700
1.709200
1.695100
1.760200
1.671100
1.712000
1.707200
1.725100
1.706100
1.713800
1.712800
1.736000
1.711100
1.736300
1.721800
1.733400
1.708400
1.795400
1.800300
1.755200
1.761200
1.771800
1.883700
1.752200
1.784400
1.732900
1.728200
1.763000
1.667000
1.676600
1.697300
1.723900
1.807100
1.714700
1.737700
1.724600
1.712900
1.704200
1.769600
1.723400
1.703900
1.716000
1.701200
1.723400
1.714800
1.711400
1.720000
1.690400
1.710500
1.733400
3.111700
1.686900
1.639300
1.740100
1.722800
1.778400
1.709100
1.715800
1.734400
1.726800
1.721600
1.726000
1.743400
1.716300
1.702000
1.724800
1.700700
1.719100
1.731800
1.736400
1.719000
1.860500
1.713900
1.719800
1.835400
1.754900
2.127500
1.730500
1.750700
1.684300
1.707300
1.706000
1.713000
1.711900
1.695100
1.705300
1.743600
1.711400
1.705800
1.678300
1.687700
1.645900
1.685100
1.684700
1.691800
1.680600
1.666800
1.682400
1.673400
1.680800
1.795600
1.726400
1.691000
1.794400
1.650100
1.736100
1.645900
1.668800
1.648400
1.678000
1.647800
1.681200
1.686900
1.706700
1.657600
1.683100
1.707800
1.693700
1.714500
1.714900
1.724000
1.701200
1.674100
1.691200
1.698600
1.698400
1.703000
1.733200
1.738800
1.825000
1.746500
1.726000
1.726300
3.668200
1.711100
1.715700
1.711500
1.742100
1.781800
1.705000
1.725900
1.684400
1.649400
1.683500
1.718200
1.677500
1.676200
1.685500
1.696900
1.690700
1.699000
1.681600
1.725000
1.682900
1.680700
1.677800
1.677000
1.692700
1.787500
1.704500
1.757600
1.693900
1.698900
1.664000
1.682000
1.680100
1.700000
1.679100
1.704300
1.708300
1.711500
1.700800
1.708700
1.732800
1.712200
1.739000
1.729500
1.728000
1.754900
1.747700
3.475400
1.715900
1.715100
1.713000
1.657500
1.700600
1.729400
1.716100
1.700800
1.854100
2.049600
2.492200
1.732800
1.788100
1.683800
1.716000
1.708200
1.678200
1.713200
1.696900
1.707800
1.723200
1.719800
1.746500
1.679500
1.693400
1.702100
1.678000
1.696600
1.704500
1.706600
1.683100
1.689200
1.698500
1.736000
1.683600
1.842400
1.704400
2.004400
1.711600
1.720200
1.717200
1.721900
1.692800
1.703800
1.682500
1.676200
1.681700
1.667700
1.722400
1.661600
1.682900
1.688100
1.695500
1.689800
1.692000
1.695800
1.687600
1.702000
1.695500
1.638700
1.682200
1.663200
1.782500
1.649900
1.671800
1.897400
1.732900
1.733100
1.899000
1.728700
1.702300
1.718500
1.725700
1.705900
1.729300
1.749000
1.726900
1.741300
1.704900
1.728400
1.712600
2.400500
2.425500
1.733000
3.746800
1.705300
1.716500
1.711000
1.756100
1.695900
1.703300
1.724700
1.700800
2.009300
1.731700
1.739100
1.681900
1.706900
1.687200
1.923000
1.639600
1.683400
1.658500
1.681800
1.641100
1.680800
1.642100
1.666400
1.722400
1.675900
1.662800
1.678300
1.667500
1.703500
1.672500
1.698400
1.634500
1.711000
1.652700
1.686600
1.668600
1.667500
1.726200
1.645600
1.672100
1.642600
1.755200
1.710300
1.707000
1.723500
1.707700
1.683100
1.707800
1.694600
1.703000
1.702300
1.722600
1.700100
1.699300
1.719000
1.678400
1.733700
2.451900
1.759900
1.695900
1.720800
1.712600
1.710400
1.707100
1.708900
1.724900
1.749200
1.701600
1.718000
1.735700
1.765100
1.886500
1.721400
1.683000
1.665500
1.687300
1.749200
1.744200
1.701200
1.696700
1.763300
1.704800
1.701000
1.682200
1.717600
1.728800
1.728600
1.791500
1.707100
1.712000
1.716400
1.752200
1.737000
1.676500
1.680800
1.867700
1.704800
1.928000
1.744800
1.706600
1.731300
1.741500
1.716100
1.720300
1.723700
1.716300
1.693700
1.705100
1.732200
1.703500
1.703800
1.724100
1.772800
1.722200
1.702600
1.729500
1.727600
1.773900
1.739200
1.719900
1.719900
1.741500
1.721500
1.727600
1.715100
1.699900
1.700400
1.699200
1.687300
1.787500
1.934100
1.714100
1.716200
1.773600
1.691700
1.728800
1.728800
1.696500
1.705700
1.648300
1.683200
1.641200
1.680500
1.707900
1.718500
1.716700
1.720100
1.704600
1.687700
1.741200
1.713200
1.717000
1.691700
1.713200
1.693500
1.709400
1.757500
1.693600
1.748100
1.692400
1.686600
1.701000
1.717600
1.745500
1.687000
1.698800
1.702700
1.695500
1.734000
1.760500
1.688600
1.702000
1.687500
1.718600
1.687700
1.704000
1.712800
1.709400
1.708400
1.695700
1.703100
1.710000
1.710100
1.724900
1.688400
1.715600
1.677400
1.712600
1.706600
1.708400
1.876500
1.727700
1.709200
1.708700
1.713800
1.705900
1.701700
1.753100
1.752400
1.714100
1.708600
1.722300
1.739600
1.699400
1.726600
1.725000
1.726500
1.687700
1.695400
1.712800
1.714300
1.699300
1.720100
1.722800
1.806500
1.709300
1.706000
1.733900
2.441000
1.733300
1.807600
3.840400
1.705200
1.663600
1.680300
1.688900
1.763500
1.724900
1.722600
1.731100
1.786900
1.700100
1.691700
1.790500
1.704700
1.704600
1.708000
1.717400
1.705700
1.719900
1.822200
1.716300
1.696700
1.705200
1.711800
1.694800
1.784900
1.706700
1.753800
1.706600
1.925700
1.896500
1.733900
1.717300
1.698300
1.722100
1.764700
1.725500
1.712900
1.725500
1.766400
1.805700
1.742900
1.792400
1.680000
1.702700
1.736200
1.731900
1.720600
1.684700
1.696000
1.751200
1.743200
1.689100
1.697100
1.731200
1.729100
1.722900
1.707400
1.713200
1.756400
1.705800
1.712400
1.728700
1.748000
1.735400
1.706600
1.738800
1.742700
1.699400
1.725800
1.780700
1.715000
1.644600
1.752400
1.706700
1.700500
1.740900
1.684100
1.698700
1.708400
1.729500
1.885400
1.742600
1.733300
1.707000
1.702900
1.703600
1.707400
1.694000
1.707300
1.701500
1.714400
1.693000
1.663000
1.791000
1.700500
1.745400
1.699800
1.781600
1.682500
1.710100
1.721400
1.742500
1.718800
1.718400
1.721200
1.751600
1.728400
1.777400
1.742500
1.807400
1.762000
2.020300
1.763900
1.726300
1.731500
1.736000
1.745900
1.748100
1.714300
1.731200
1.740100
1.753000
1.740100
1.710900
1.757200
1.736700
1.735000
1.723800
1.751300
1.785900
1.753200
1.722600
1.847900
1.735900
1.716600
1.720100
1.733600
2.366600
1.996200
1.983200
1.752100
1.733800
1.709800
1.698100
1.685700
1.686400
1.696200
1.662300
1.700600
1.697900
1.686300
1.667100
1.670400
1.647600
1.646700
1.658900
1.727000
1.652400
1.674500
1.726900
1.669800
1.690300
1.655700
1.661700
1.681800
1.738000
1.682700
1.738200
1.721900
1.711100
1.842500
1.807600
1.778900
1.921000
1.742600
1.704200
1.768600
1.747200
1.725200
1.732000
1.718700
1.712700
1.723400
1.717400
1.711400
1.715800
1.707900
1.680700
1.710500
1.704000
1.719500
1.699800
1.703600
1.691500
1.704200
1.694200
2.274000
1.703800
1.728500
1.756900
1.733700
1.706600
1.736500
1.710300
1.708600
1.710500
1.737200
1.749800
1.733800
1.737700
1.729600
3.099600
1.673000
1.709400
1.709900
1.822600
1.703200
1.704000
1.711400
1.691700
1.684500
1.721200
1.796300
1.689200
1.714700
1.681500
1.692900
1.701700
1.683100
1.722100
1.775700
1.781100
1.748200
1.732400
1.730100
1.728100
1.750800
1.747200
1.744500
1.822900
1.857000
2.013400
1.795400
1.777700
1.754700
1.887600
1.814000
1.713500
1.726000
1.721700
1.716100
1.731300
1.783300
1.733200
1.694800
1.726100
1.709300
1.694700
1.757700
1.748200
1.783000
1.737000
1.729000
1.720800
1.729500
1.723700
1.722800
1.716100
1.734300
1.730800
1.726200
1.743300
1.721500
1.742800
1.720100
1.725700
1.734600
1.732900
1.723600
1.710300
1.722800
1.707400
1.714800
1.705000
1.733800
1.711800
1.732500
1.866700
1.733300
1.727300
1.706400
1.717800
1.735000
1.723000
3.265200
1.690200
1.681200
1.679000
1.681300
1.696400
1.676400
1.690900
1.694000
1.706900
1.729300
1.745300
1.753400
1.743900
1.722600
1.705400
1.813600
1.733100
1.734000
1.717100
1.717900
1.746400
1.963000
2.256100
2.209700
1.738100
1.772200
1.767700
1.758900
1.934000
1.757500
1.825500
1.763100
1.759500
1.759600
1.772400
1.743900
1.846800
1.757600
1.725200
1.739300
1.703800
1.696900
1.728300
1.694200
1.732600
1.694100
2.049800
1.737100
1.727700
1.695800
1.747800
1.785300
1.725900
1.740100
1.766800
1.765900
1.754500
1.797800
1.711300
1.736000
1.685000
1.691500
1.746100
1.762100
1.748900
2.458600
1.754800
1.747600
1.726400
1.771300
1.759300
1.752200
1.754200
1.756600
1.763600
1.729900
1.761900
1.768000
1.747900
1.733800
3.222100
1.763400
1.752500
1.751900
1.774900
1.776400
1.760200
1.790600
1.766900
1.755300
1.759500
1.741700
1.742600
1.771500
1.760100
2.186500
1.741500
1.758500
1.737900
1.737700
1.739200
1.744400
1.727800
4.084000
1.742700
1.747000
1.838200
1.857800
1.742400
1.717500
1.706600
1.737100
1.740200
1.779300
1.719300
1.705800
1.952300
2.142300
1.826100
1.747300
1.746300
1.736300
1.719100
1.724200
1.740000
1.750500
1.726500
1.780500
1.771300
1.765500
1.752600
1.756100
1.770000
1.749800
1.766800
1.773200
1.772200
1.754900
1.732000
1.745500
1.764100
1.740000
1.752900
1.745300
1.738100
1.760700
1.734100
1.744000
1.741000
1.753400
1.731300
1.743600
1.779900
1.727900
1.743000
1.788300
1.757800
1.798100
1.833200
1.741200
1.747500
1.744500
1.742200
1.833600
1.753600
1.758900
1.736800
1.740500
1.746200
1.748200
1.727000
1.747900
1.738100
1.733700
1.886700
1.751400
1.785000
1.729700
1.798800
1.874700
1.740800
1.730500
2.088700
1.756400
1.925500
1.785800
1.768000
1.777600
1.966700
1.781700
1.823100
1.766400
1.729900
1.745200
1.769800
1.741500
1.760200
1.698500
1.708400
1.734700
1.711500
1.719400
1.769300
1.753600
1.756800
1.738200
1.754000
1.727700
1.722500
1.771900
1.866700
1.770500
1.729500
1.808700
1.762700
1.757100
1.785600
1.761700
1.814400
1.772100
1.720000
1.686800
1.726600
1.722100
1.733300
1.732000
1.742600
1.750400
1.731300
1.700100
1.777100
1.694500
1.712700
1.697600
1.720200
1.733600
1.722800
1.731300
2.234400
1.730700
1.758300
1.768700
1.743100
1.737100
1.737400
1.727000
2.432200
1.724100
1.730800
1.697800
1.717600
1.703000
1.709800
1.661800
1.715200
1.710000
1.684200
1.701200
1.691700
1.699500
1.696900
1.679700
1.703800
1.684600
1.708100
1.704000
1.695400
1.705100
1.682400
1.670900
1.710100
1.673600
1.702700
1.706400
1.716000
1.722000
1.717900
1.715400
1.754100
1.749300
1.726400
1.710700
1.753300
1.766300
1.701200
1.713700
1.726000
1.698000
1.693600
1.696400
1.725800
1.760700
1.763400
1.730400
1.732900
1.731800
1.708900
1.713000
1.723000
1.744700
1.707000
1.709900
1.823100
1.706900
1.715800
1.706600
1.721400
1.717400
1.705600
1.741200
1.736900
1.725600
1.705200
1.700300
2.745600
1.976300
1.808500
1.730300
1.756200
1.715300
1.719900
1.734500
1.737700
1.713300
1.712900
1.736500
1.849100
1.723200
1.736700
1.703200
1.915900
1.726700
1.739200
1.745100
1.767900
1.724900
1.714200
1.736600
2.416100
1.732800
1.740500
1.887000
1.906600
1.774900
1.870700
1.726700
1.686200
1.772700
1.671800
1.701800
1.685200
1.689000
1.716800
1.708000
1.739500
1.726800
1.746700
1.759300
1.723900
1.727600
1.696300
1.668500
1.684000
1.701600
1.691600
1.684100
1.698500
1.707500
1.677800
1.684000
1.726300
1.727700
1.716600
1.715500
2.122900
214.110900
3.248200
3.170200
3.852800
3.395800
4.421300
3.793200
4.675100
4.226200
3.710700
3.819300
4.599800
4.680100
5.615900
5.127600
4.146900
6.154600
6.364900
5.595000
4.861100
5.147900
6.157200
4.777800
5.547200
5.052400
5.084800
5.560300
5.292600
5.307100
6.026200
5.631400
5.625400
5.962600
5.844800
6.214600
6.194400
6.258800
6.430300
7.149800
6.652200
6.615900
7.700400
6.820100
10.408300
8.936600
8.940800
10.413700
7.529100
9.593200
11.151200
7.950300
7.777800
8.776600
7.983100
8.040900
8.090000
8.153600
8.284600
8.395400
8.440100
8.582800
8.666500
8.804400
8.883700
8.991100
9.080500
9.225500
9.536400
9.332700
9.422200
9.508500
9.585300
9.730500
9.712500
9.919300
9.942700
10.293700
10.166100
10.114300
10.464600
10.483900
10.581800
10.858400
10.716400
10.691800
11.321300
11.011900
11.123500
11.098500
11.188600
11.415500
11.797000
11.616100
11.842200
11.931400
12.070500
12.002700
12.228900
12.245600
12.386400
12.509500
12.557800
13.156100
12.952100
14.536200
13.023200
13.754800
13.160500
13.201800
13.384200
13.528600
13.377200
13.966500
13.781900
13.872500
14.228000
13.906500
14.148900
14.171300
14.108400
14.464900
14.514400
15.296100
14.764100
14.765000
14.904500
15.030600
15.055800
15.154700
15.120700
18.304800
15.805600
15.731000
15.736800
15.428300
15.810200
16.152500
16.020700
16.318000
16.419700
16.499400
16.302700
16.281900
16.375000
18.340700
16.873600
16.985400
17.199500
17.308900
19.980500
17.409400
17.593900
17.718900
17.689700
17.754600
19.163500
18.025100
18.065400
18.516100
18.370500
18.346900
18.525200
22.244400
19.045400
18.769700
18.301600
18.937200
19.342800
19.403800
19.679100
19.740900
20.558500
20.726200
19.567300
19.625000
19.782400
21.921300
20.149500
20.096800
20.198300
20.217000
20.327200
20.465700
20.832000
21.173700
20.967300
22.451200
21.198000
20.995500
21.080900
21.129300
20.854500
21.517200
22.006500
22.582600
22.039500
24.285200
22.224800
22.140000
22.371900
22.475200
22.488600
22.450500
22.818600
23.438500
24.542700
23.084300
23.145300
22.772800
23.435200
23.315000
23.492600
23.683600
23.858200
24.179100
24.130700
24.163100
24.254900
23.772800
24.249800
24.601900
24.757600
24.685000
24.671600
24.385700
25.484000
24.571100
25.685500
24.414500
25.252100
25.274000
27.761400
26.631500
25.134900
25.461200
25.146300
25.278600
25.421100
26.496900
27.962300
26.823000
26.373300
27.060800
26.778500
26.752400
27.607900
27.291800
29.108800
26.296000
26.943500
27.046400
27.501300
27.289200
27.300000
28.790600
27.734200
28.085900
27.686200
27.807000
28.154100
28.613100
28.539800
30.810800
28.403800
28.610200
28.543000
28.153800
28.420900
28.892600
29.647900
29.298300
29.258000
29.343200
29.601700
29.734000
29.984300
30.000000
31.416100
30.358000
30.700300
30.730400
29.681200
30.728100
30.864400
33.438800
30.738600
35.838100
31.579900
33.215500
32.755700
34.716500
34.998200
32.711300
31.969800
32.809900
32.517100
32.326300
32.929500
32.576700
32.631000
33.572300
33.546500
33.519000
33.761900
32.371600
33.531200
33.438600
33.156400
32.160700
33.024500
34.769000
33.746300
33.493600
33.052700
33.555700
34.520900
35.866200
34.181000
34.212000
34.638900
34.334700
34.925700
37.514900
34.850500
35.297600
34.547500
34.734600
35.565200
37.001700
35.760900
34.890900
35.472600
36.728600
35.466900
37.247000
34.737500
35.698700
35.476200
0.046600
0.284300
35.612100
0.042900
0.291500
0.521600
1.004700
1.455600
35.667300
0.043800
0.268000
0.513700
0.743200
0.945600
37.597800
0.094100
0.357700
0.581500
0.788700
0.996500
35.242900
0.045900
0.280700
0.504400
0.718900
34.797500
0.044700
0.274800
0.490300
0.704100
0.911300
34.211800
0.041000
0.255400
0.477200
0.860600
33.943400
0.043000
0.301400
0.547200
32.893800
0.042300
0.263800
0.477700
0.736400
35.211800
0.039400
0.254400
0.475900
0.692800
32.138500
0.048700
0.293800
0.533500
0.791700
32.995400
0.050500
0.287400
0.507500
32.453800
0.041700
0.321600
0.555000
34.537300
0.039800
0.241900
0.430900
32.489800
0.042900
0.300500
0.516900
31.351000
0.046500
0.306900
0.580200
0.977300
34.152600
0.048800
0.299800
0.536200
31.886800
0.044200
0.275900
0.515000
31.544900
0.044900
0.275200
0.542300
31.080000
0.045700
0.299300
0.524300
31.795600
0.045800
0.274900
33.216000
0.046400
0.293000
0.510600
30.596500
0.050900
0.264100
30.311100
0.055700
0.294400
0.528300
30.211900
0.042300
0.280000
30.679700
0.043900
0.265500
0.467200
30.749500
0.055000
0.294500
30.934300
0.043800
0.282600
0.531100
29.925700
0.044900
0.279000
31.592800
0.043600
0.260200
0.483700
30.393100
0.043300
0.279300
29.722700
0.041100
0.276500
29.207600
0.057000
0.344300
28.932700
0.043000
0.295800
29.653300
0.042600
0.261300
28.878400
0.044800
0.271800
30.347500
0.040700
0.268300
28.465100
0.042500
0.269600
28.615500
0.041500
0.288500
28.543200
0.044500
0.265900
28.226900
0.049600
0.299500
28.255800
0.054200
0.361800
27.971200
0.041400
0.273000
28.135600
0.041200
28.250000
0.047000
0.313300
28.094500
0.045700
0.305400
27.785200
0.040000
0.288600
27.327300
0.044300
27.520900
0.040200
0.259900
28.555100
0.043400
27.808300
0.041400
0.276000
28.509400
0.042300
0.284300
27.432300
0.041000
27.217500
0.040300
0.293500
27.613200
0.056400
27.400100
0.042200
0.288200
27.206900
0.044100
27.212000
0.040600
0.284800
32.985100
0.045400
28.756000
0.059700
0.302900
27.116400
0.045900
27.718000
0.052200
0.288600
26.741400
0.042300
26.817900
0.045500
0.293800
26.766600
0.049200
27.090900
0.043300
27.105300
0.062300
0.378200
28.441100
0.048500
26.747500
0.038700
26.708800
0.044900
0.281600
27.505800
0.043400
26.726200
0.046800
26.434200
0.042400
0.278500
26.607100
0.040100
26.421700
0.040900
26.528700
0.088700
0.560000
26.417500
0.052500
26.392800
0.041800
26.447600
0.048000
0.281100
26.175000
0.045200
26.137600
0.038200
26.739700
0.042800
28.295500
0.043200
0.272600
25.930100
0.044600
26.132300
0.054200
26.146200
0.042900
0.260000
26.104400
0.041900
25.888900
0.037200
25.668000
0.037100
25.833900
0.045000
25.881700
0.042200
25.342500
0.038500
25.699800
0.040400
0.279600
25.304000
0.043500
25.052600
0.045000
25.839600
0.038800
25.874800
0.049100
25.834800
0.045400
26.310800
0.041400
0.261700
25.945600
0.058200
25.721600
0.043700
25.818500
0.045400
26.001000
0.040500
26.813500
0.043900
26.103500
0.039200
26.248200
0.047700
25.822600
0.044500
0.279700
25.586700
0.038700
25.663700
0.038200
27.577000
0.066700
25.791200
0.043000
25.708200
0.046100
25.668900
0.042700
25.768700
0.039500
25.628700
0.041000
25.991100
0.043000
25.761500
0.037000
25.754300
0.046700
25.531600
0.038100
25.818300
0.039200
26.254900
0.041800
25.602900
0.045700
25.497100
0.039500
28.667100
0.038500
0.259200
25.626700
0.044200
25.813400
0.040000
25.463400
0.037200
25.424200
0.035800
25.562200
0.036900
25.453800
0.038500
25.447000
0.046500
26.712500
0.042900
25.730200
0.058800
25.733100
0.042100
26.341700
0.041200
26.915300
0.040100
26.925200
0.039700
26.183700
0.039600
24.998100
0.040800
26.918100
0.040700
25.712000
0.047300
25.764600
0.064300
25.821600
0.042800
25.687500
25.794000
0.040500
26.477100
0.040600
25.785500
0.040700
25.937900
0.042600
25.988200
0.048400
26.031900
0.047600
25.919100
0.064400
25.640000
0.046400
26.064200
0.043000
25.951200
0.039900
25.764000
0.048300
25.605100
0.044500
25.732900
0.049100
25.913300
0.046800
25.939300
0.040200
25.662200
0.052300
25.488900
25.481700
0.047100
25.492500
0.039800
26.301700
0.041200
26.057600
0.044400
25.694800
0.041600
25.630200
0.043100
25.639500
0.045600
25.759500
0.045000
26.004300
0.058600
25.957400
0.039000
25.056500
27.482300
0.037800
25.753900
0.044500
25.976400
0.047000
26.170500
0.039400
25.760600
0.037100
25.778400
0.043400
25.802700
0.042300
25.828200
27.790300
0.042500
26.536600
0.043300
26.173600
0.038600
25.927700
0.039600
26.171300
0.041100
25.849100
0.042300
26.414500
26.197300
0.046900
28.054900
0.037300
26.027200
0.039000
26.054100
0.048900
26.218800
26.743500
0.048500
26.136600
0.036500
25.925700
0.036100
25.890400
28.070800
0.040500
26.799200
0.129700
26.675500
0.039600
26.443700
0.039600
26.195100
0.037600
26.100800
27.523500
0.043400
25.966800
0.043700
26.253600
0.037900
26.506200
0.052400
26.342500
0.040500
26.531500
26.701100
0.051300
26.783800
0.042000
26.733900
0.040100
28.407800
0.043800
26.705800
0.050300
26.994100
26.747600
0.042300
26.641500
0.038900
26.799100
0.037200
26.787700
0.042700
26.884200
29.240300
0.038700
26.731200
0.037200
26.714300
0.039000
26.772900
0.044700
27.016200
27.194900
0.087200
26.834500
0.047800
26.707700
0.041000
28.440100
0.042400
26.825400
0.040800
26.947400
26.927900
0.041200
26.731800
0.053200
26.840300
0.042700
26.976200
27.742900
0.043200
26.780600
0.039900
26.772600
0.041000
26.315800
0.042700
26.134900
26.771500
0.042100
27.422800
0.040500
27.658700
0.046200
29.801500
0.039000
27.680200
27.079800
0.047500
27.106200
0.038400
27.343200
0.044000
26.892000
27.431500
0.040100
27.131500
0.059800
28.838700
0.039000
27.398000
0.040700
27.352700
27.480500
0.041900
27.552300
0.052000
27.999100
0.042000
27.454700
27.789000
0.039600
29.291100
0.036500
27.416700
0.037000
27.480400
0.043500
27.706300
0.043000
27.518900
27.647600
0.040400
28.331600
0.043900
27.332100
0.041700
27.431500
0.047000
27.892800
27.627500
0.037700
27.694700
0.040000
27.706700
0.040500
28.388000
0.045200
28.033300
0.040400
29.998000
0.038800
28.074400
0.041000
28.214500
28.356800
0.040800
27.921100
0.039300
28.216700
0.051000
26.864500
0.060200
27.479900
0.041500
28.044700
0.055200
28.028500
0.044400
27.896300
0.036800
27.158300
0.047600
27.832000
0.041300
28.162500
0.041200
27.480600
0.043300
29.121800
27.103200
0.043700
27.872300
0.040600
28.241500
0.039200
27.994200
0.038200
27.919300
0.037400
28.054000
0.042200
28.011700
0.047200
28.889000
0.043800
27.713300
0.060400
27.806100
0.041000
27.703800
0.041200
27.908500
0.049900
28.280100
0.040600
28.104900
0.039100
27.184600
0.038200
27.794100
0.039700
27.325200
0.037900
27.987000
0.041300
27.768200
0.047700
27.451200
0.041500
27.624400
0.054000
27.540300
0.041200
29.898700
0.043300
27.898500
0.044400
28.329200
0.043900
27.845100
0.040800
27.781800
0.036800
28.183900
0.043500
27.219700
0.045700
27.805700
0.044600
27.917800
0.038800
27.906400
0.053700
28.031000
0.057300
0.323500
27.942100
0.038800
33.700500
0.040500
28.079100
0.038900
27.918600
0.048200
29.237200
0.058700
28.106900
0.046000
28.116100
0.042600
28.206400
0.047200
28.216700
0.042800
28.276500
0.041800
27.725500
0.039200
29.064700
0.038200
0.277900
27.971700
0.043500
27.953800
0.038900
27.980700
0.042300
28.121800
0.038000
27.981500
0.047100
27.922200
0.057900
33.102300
0.040100
30.091200
0.055200
28.150700
0.038500
28.258900
0.036700
27.705400
0.052800
27.749500
0.040000
28.495000
0.055600
0.352200
28.219500
0.047800
29.091800
0.041300
27.443000
0.052500
27.370400
0.047900
27.349600
0.037400
27.643700
0.049500
27.647500
0.051300
27.592000
0.048000
27.493500
0.043100
29.022500
0.043400
27.707000
0.041100
27.463600
0.042400
27.669800
0.038400
27.767900
0.043400
0.277100
28.303400
0.038300
28.117400
0.041100
29.482400
0.037300
27.482600
0.053800
27.677700
0.047900
27.558300
0.049100
27.964000
0.040300
27.401100
0.044200
27.440900
0.039200
27.460600
0.046700
29.349200
0.038900
29.051800
0.041200
27.744000
0.043200
27.578000
0.043700
27.826800
0.036300
0.291100
27.588700
0.038600
27.925600
0.042700
26.603700
0.049500
27.471700
0.038900
28.094800
0.046900
27.529500
0.051400
27.589200
0.102700
27.193100
0.051900
29.174200
0.053400
27.394600
0.043700
29.148700
0.038100
27.652500
0.039700
27.810600
0.048800
27.703700
0.040700
27.476800
0.040000
0.245500
27.367800
0.042500
27.240100
0.051800
27.791500
0.041100
27.149100
0.037700
27.203700
0.044100
27.460900
0.044700
27.111900
0.043600
27.686400
0.039400
27.155100
0.043500
27.093600
0.047400
28.444900
0.038700
27.049900
0.046200
27.564800
0.042700
27.236300
0.047700
27.147900
0.038900
27.389400
0.041500
27.202100
0.050600
27.253300
0.041800
28.974300
0.040200
0.271300
27.433300
0.042600
28.056600
0.042800
28.051000
0.039400
27.846900
0.045100
26.582700
0.039900
27.352000
0.041500
27.495200
0.042400
26.974000
0.042800
26.986600
0.039700
27.576300
0.040100
27.040200
0.043000
27.065000
0.040400
26.559800
0.039300
26.734400
0.045600
27.881400
0.040100
27.214800
0.038400
27.964800
0.036800
0.265500
26.845900
0.040300
27.070200
0.037700
27.486900
0.041900
27.210900
0.046100
26.763700
0.040400
29.204600
0.039000
26.889500
0.071200
27.676500
0.051900
26.461100
0.051600
27.303800
0.039800
27.579400
0.038900
26.861900
0.038800
27.057300
0.040600
28.354900
0.040100
27.411300
0.043000
26.586000
0.037800
28.404700
0.049700
28.028400
0.043100
27.706700
0.040700
28.641700
0.046000
27.127600
0.041600
31.504900
0.042900
27.528900
0.039800
27.309600
0.040800
27.381100
0.043300
0.307100
27.276600
0.039200
27.231000
0.040000
27.389700
0.041000
27.406500
0.043800
27.236400
0.042500
27.091800
0.039800
27.186300
0.040000
27.295400
0.042100
27.348300
0.043800
27.277600
0.038200
27.445500
0.038900
27.676600
0.037300
27.017000
0.036300
27.857900
0.047000
28.537100
0.043700
27.633200
0.076900
28.503700
0.054100
27.150300
0.042600
27.144000
0.039700
27.215600
0.039700
27.194800
0.044400
27.124300
0.038100
27.102800
0.041000
27.091800
0.040700
27.124900
0.041300
27.161700
0.039300
27.088100
0.053200
26.978800
0.041900
26.944800
0.044300
26.972300
0.043100
26.255600
0.038900
26.229600
0.038000
26.271600
0.041500
26.181500
0.037900
27.197900
0.044400
27.521300
0.042100
30.962900
0.040600
27.369200
0.038800
27.426400
0.038200
27.202500
0.057800
27.279600
0.041700
27.059900
0.077500
27.196300
0.049000
27.042800
0.042400
27.273400
0.043600
28.051000
0.041600
27.285700
0.042200
27.225100
0.057500
27.146700
0.055200
28.367700
0.044300
27.030500
0.037600
27.317800
0.036900
27.235000
0.040900
27.287000
0.045000
27.002100
0.044100
26.782600
0.036600
26.792000
0.038100
26.934700
0.043900
26.558400
0.041600
26.406800
0.042400
26.798400
0.047400
27.239400
0.042200
27.309700
0.049800
